# Created by Octave 4.4.1, Sun Sep 16 11:46:36 2018 GMT <unknown@AlanP>
# name: a
# type: matrix
# rows: 1
# columns: 3
 1 2 3


