# Created by Octave 4.4.1, Sat Sep 15 11:45:37 2018 GMT <unknown@AlanP>
# name: a
# type: matrix
# rows: 1
# columns: 3
 1 2 3


# name: ans
# type: scalar
0


# name: b
# type: matrix
# rows: 2
# columns: 3
 1 2 3
 4 5 6


# name: c
# type: matrix
# rows: 1
# columns: 10
 1 2 3 4 5 6 7 8 9 10


# name: d
# type: range
# base, limit, increment
1 1000 1


# name: e
# type: matrix
# rows: 1
# columns: 5
 1 2 3 4 5


# name: f
# type: matrix
# rows: 1
# columns: 5
 2 4 6 8 10


# name: g
# type: matrix
# rows: 1
# columns: 5
 4 5 6 7 8


# name: str
# type: string
# elements: 1
# length: 11
hello world


# name: x
# type: matrix
# rows: 1
# columns: 361
 0 0.017453292519943295 0.034906585039886591 0.05235987755982989 0.069813170079773182 0.087266462599716474 0.10471975511965978 0.12217304763960307 0.13962634015954636 0.15707963267948966 0.17453292519943295 0.19198621771937624 0.20943951023931956 0.22689280275926285 0.24434609527920614 0.26179938779914941 0.27925268031909273 0.29670597283903605 0.31415926535897931 0.33161255787892263 0.3490658503988659 0.36651914291880922 0.38397243543875248 0.4014257279586958 0.41887902047863912 0.43633231299858238 0.4537856055185257 0.47123889803846897 0.48869219055841229 0.50614548307835561 0.52359877559829882 0.54105206811824214 0.55850536063818546 0.57595865315812877 0.59341194567807209 0.6108652381980153 0.62831853071795862 0.64577182323790194 0.66322511575784526 0.68067840827778847 0.69813170079773179 0.71558499331767511 0.73303828583761843 0.75049157835756175 0.76794487087750496 0.78539816339744828 0.8028514559173916 0.82030474843733492 0.83775804095727824 0.85521133347722145 0.87266462599716477 0.89011791851710809 0.90757121103705141 0.92502450355699462 0.94247779607693793 0.95993108859688125 0.97738438111682457 0.99483767363676789 1.0122909661567112 1.0297442586766545 1.0471975511965976 1.064650843716541 1.0821041362364843 1.0995574287564276 1.1170107212763709 1.1344640137963142 1.1519173063162575 1.1693705988362009 1.1868238913561442 1.2042771838760873 1.2217304763960306 1.2391837689159739 1.2566370614359172 1.2740903539558606 1.2915436464758039 1.3089969389957472 1.3264502315156905 1.3439035240356338 1.3613568165555769 1.3788101090755203 1.3962634015954636 1.4137166941154069 1.4311699866353502 1.4486232791552935 1.4660765716752369 1.4835298641951802 1.5009831567151235 1.5184364492350666 1.5358897417550099 1.5533430342749532 1.5707963267948966 1.5882496193148399 1.6057029118347832 1.6231562043547265 1.6406094968746698 1.6580627893946132 1.6755160819145565 1.6929693744344996 1.7104226669544429 1.7278759594743862 1.7453292519943295 1.7627825445142729 1.7802358370342162 1.7976891295541595 1.8151424220741028 1.8325957145940461 1.8500490071139892 1.8675022996339325 1.8849555921538759 1.9024088846738192 1.9198621771937625 1.9373154697137058 1.9547687622336491 1.9722220547535925 1.9896753472735358 2.0071286397934789 2.0245819323134224 2.0420352248333655 2.0594885173533091 2.0769418098732522 2.0943951023931953 2.1118483949131388 2.1293016874330819 2.1467549799530254 2.1642082724729685 2.1816615649929121 2.1991148575128552 2.2165681500327987 2.2340214425527418 2.2514747350726849 2.2689280275926285 2.2863813201125716 2.3038346126325151 2.3212879051524582 2.3387411976724017 2.3561944901923448 2.3736477827122884 2.3911010752322315 2.4085543677521746 2.4260076602721181 2.4434609527920612 2.4609142453120048 2.4783675378319479 2.4958208303518914 2.5132741228718345 2.530727415391778 2.5481807079117211 2.5656340004316642 2.5830872929516078 2.6005405854715509 2.6179938779914944 2.6354471705114375 2.6529004630313811 2.6703537555513241 2.6878070480712677 2.7052603405912108 2.7227136331111539 2.7401669256310974 2.7576202181510405 2.7750735106709841 2.7925268031909272 2.8099800957108707 2.8274333882308138 2.8448866807507573 2.8623399732707004 2.8797932657906435 2.8972465583105871 2.9146998508305302 2.9321531433504737 2.9496064358704168 2.9670597283903604 2.9845130209103035 3.001966313430247 3.0194196059501901 3.0368728984701332 3.0543261909900767 3.0717794835100198 3.0892327760299634 3.1066860685499065 3.12413936106985 3.1415926535897931 3.1590459461097367 3.1764992386296798 3.1939525311496229 3.2114058236695664 3.2288591161895095 3.246312408709453 3.2637657012293961 3.2812189937493397 3.2986722862692828 3.3161255787892263 3.3335788713091694 3.351032163829113 3.3684854563490561 3.3859387488689991 3.4033920413889427 3.4208453339088858 3.4382986264288293 3.4557519189487724 3.473205211468716 3.4906585039886591 3.5081117965086026 3.5255650890285457 3.5430183815484888 3.5604716740684323 3.5779249665883754 3.595378259108319 3.6128315516282621 3.6302848441482056 3.6477381366681487 3.6651914291880923 3.6826447217080354 3.7000980142279785 3.717551306747922 3.7350045992678651 3.7524578917878086 3.7699111843077517 3.7873644768276953 3.8048177693476384 3.8222710618675819 3.839724354387525 3.8571776469074681 3.8746309394274117 3.8920842319473548 3.9095375244672983 3.9269908169872414 3.9444441095071849 3.961897402027128 3.9793506945470716 3.9968039870670147 4.0142572795869578 4.0317105721069009 4.0491638646268449 4.066617157146788 4.0840704496667311 4.1015237421866741 4.1189770347066181 4.1364303272265612 4.1538836197465043 4.1713369122664474 4.1887902047863905 4.2062434973063345 4.2236967898262776 4.2411500823462207 4.2586033748661638 4.2760566673861078 4.2935099599060509 4.310963252425994 4.3284165449459371 4.3458698374658802 4.3633231299858242 4.3807764225057673 4.3982297150257104 4.4156830075456535 4.4331363000655974 4.4505895925855405 4.4680428851054836 4.4854961776254267 4.5029494701453698 4.5204027626653138 4.5378560551852569 4.5553093477052 4.5727626402251431 4.5902159327450871 4.6076692252650302 4.6251225177849733 4.6425758103049164 4.6600291028248595 4.6774823953448035 4.6949356878647466 4.7123889803846897 4.7298422729046328 4.7472955654245768 4.7647488579445199 4.782202150464463 4.7996554429844061 4.8171087355043491 4.8345620280242931 4.8520153205442362 4.8694686130641793 4.8869219055841224 4.9043751981040664 4.9218284906240095 4.9392817831439526 4.9567350756638957 4.9741883681838388 4.9916416607037828 5.0090949532237259 5.026548245743669 5.0440015382636121 5.0614548307835561 5.0789081233034992 5.0963614158234423 5.1138147083433854 5.1312680008633285 5.1487212933832724 5.1661745859032155 5.1836278784231586 5.2010811709431017 5.2185344634630457 5.2359877559829888 5.2534410485029319 5.270894341022875 5.2883476335428181 5.3058009260627621 5.3232542185827052 5.3407075111026483 5.3581608036225914 5.3756140961425354 5.3930673886624785 5.4105206811824216 5.4279739737023647 5.4454272662223078 5.4628805587422518 5.4803338512621949 5.497787143782138 5.5152404363020811 5.532693728822025 5.5501470213419681 5.5676003138619112 5.5850536063818543 5.6025068989017974 5.6199601914217414 5.6374134839416845 5.6548667764616276 5.6723200689815707 5.6897733615015147 5.7072266540214578 5.7246799465414009 5.742133239061344 5.7595865315812871 5.7770398241012311 5.7944931166211742 5.8119464091411173 5.8293997016610604 5.8468529941810043 5.8643062867009474 5.8817595792208905 5.8992128717408336 5.9166661642607767 5.9341194567807207 5.9515727493006638 5.9690260418206069 5.98647933434055 6.003932626860494 6.0213859193804371 6.0388392119003802 6.0562925044203233 6.0737457969402664 6.0911990894602104 6.1086523819801535 6.1261056745000966 6.1435589670200397 6.1610122595399837 6.1784655520599268 6.1959188445798699 6.213372137099813 6.2308254296197561 6.2482787221397 6.2657320146596431 6.2831853071795862


