# Created by Octave 4.4.1, Sun Sep 16 11:46:40 2018 GMT <unknown@AlanP>
# name: b
# type: matrix
# rows: 3
# columns: 1
 1
 2
 3


